[ColorIntrinsic]
fx=613.157166
fy=613.292053
cx=637.946533
cy=401.935425
width=1280
height=800
[ColorDistortion]
k1=-0.031007
k2=0.033322
k3=-0.011420
k4=0.000000
k5=0.000000
k6=0.000000
p1=-0.000352
p2=-0.000138


[DepthIntrinsic]
fx=613.157166
fy=613.292053
cx=637.946533
cy=401.935425
width=1280
height=800
[DepthDistortion]
k1=0.000000
k2=0.000000
k3=0.000000
k4=0.000000
k5=0.000000
k6=0.000000
p1=0.000000
p2=0.000000


[D2CTransformParam]
rot0=1.000000
rot1=0.000000
rot2=0.000000
rot3=0.000000
rot4=1.000000
rot5=0.000000
rot6=0.000000
rot7=0.000000
rot8=1.000000
trans0=0.000000
trans1=0.000000
trans2=0.000000
