%YAML:1.0
---
version: "1.1.18"
size: !!opencv-matrix
   rows: 2
   cols: 1
   dt: d
   data: [ 1920., 1536. ]
K1: !!opencv-matrix
   rows: 3
   cols: 3
   dt: d
   data: [ 1013.7924593198223, 0., 961.24959870029295, 0.,
       1013.7949864075088, 766.18103652899174, 0., 0., 1. ]
D1: !!opencv-matrix
   rows: 1
   cols: 14
   dt: d
   data: [ 0.86372992457539799, 0.10699173204796032,
       5.5374114567790207e-05, -8.2539038298996221e-05,
       -0.00033746029184164838, 1.2559482807072655, 0.34749594826808639,
       0.0088365256230977657, 0., 0., 0., 0., 0., 0. ]
K2: !!opencv-matrix
   rows: 3
   cols: 3
   dt: d
   data: [ 1010.4583719726245, 0., 973.36892249681716, 0.,
       1010.4044594818645, 770.65023976387442, 0., 0., 1. ]
D2: !!opencv-matrix
   rows: 1
   cols: 14
   dt: d
   data: [ 0.75947942451024131, 0.071423212068751338,
       8.9104929627197385e-05, 0.00014489328052668451,
       -0.00088920743376440529, 1.1520407903858798, 0.27138241978947913,
       0.0028135072487626279, 0., 0., 0., 0., 0., 0. ]
R: !!opencv-matrix
   rows: 3
   cols: 3
   dt: d
   data: [ 0.99995051416859948, 0.0077354338405533577,
       -0.0062555796895288921, -0.0077247617218832391,
       0.99996866988478261, 0.0017283822490370335, 0.0062687534880350769,
       -0.0016799738560706091, 0.99997893998701248 ]
T: !!opencv-matrix
   rows: 3
   cols: 1
   dt: d
   data: [ -60.527090633611529, 0.83999421469286195,
       -0.48662301618338855 ]
alpha_stereo_rectify: 0
E: !!opencv-matrix
   rows: 3
   cols: 3
   dt: d
   data: [ 0.0015066698148843562, 0.4851966019082895,
       0.84081759498693531, -0.10716952470878655, -0.10544816999546074,
       60.528860041353184, -0.37239529401729632, -60.531692032562411,
       -0.09935929828823542 ]
F: !!opencv-matrix
   rows: 3
   cols: 3
   dt: d
   data: [ -1.9378204961029412e-09, -6.2403956516015247e-07,
       -0.00061635262956451166, 1.3784465613335986e-07,
       1.3563026000014971e-07, -0.079164253789242384,
       0.00037962578065922777, 0.079170445501413889, 1. ]
R1: !!opencv-matrix
   rows: 3
   cols: 3
   dt: d
   data: [ 0.9999795103622432, -0.0061548339909232716,
       0.0017597938039884634, 0.0061533432210322441, 0.99998070564951824,
       0.00085129072340366725, -0.0017649994029906011,
       -0.00084044466549094998, 0.99999808921311029 ]
R2: !!opencv-matrix
   rows: 3
   cols: 3
   dt: d
   data: [ 0.99987140670327523, -0.013876203007196979,
       0.0080387217464407031, 0.013882997991140305, 0.99990331438439495,
       -0.00079009485507439072, -0.008026981001076022,
       0.00090159481202940555, 0.99996737681926562 ]
P1: !!opencv-matrix
   rows: 3
   cols: 4
   dt: d
   data: [ 779.3067821087169, 0., 980.58428955078125, 0., 0.,
       779.3067821087169, 778.59136962890625, 0., 0., 0., 1., 0. ]
P2: !!opencv-matrix
   rows: 3
   cols: 4
   dt: d
   data: [ 779.3067821087169, 0., 980.58428955078125,
       -47175.238651544452, 0., 779.3067821087169, 778.59136962890625,
       0., 0., 0., 1., 0. ]
Q: !!opencv-matrix
   rows: 4
   cols: 4
   dt: d
   data: [ 1., 0., 0., -980.58428955078125, 0., 1., 0.,
       -778.59136962890625, 0., 0., 0., 779.3067821087169, 0., 0.,
       0.016519403067888953, 0. ]
RMS: 0.19899675203819317
calibration_time: "2026-01-12 20:24:31.010"
