%YAML:1.0
---
R_from_gemini_to_stereo: !!opencv-matrix
   rows: 3
   cols: 3
   dt: d
   data: [ 0.99999389083548207, -0.002762067671651513,
       0.0021422590626288644, 0.0027623135331029795, 0.99999617855314282,
       -0.00011181706388632879, -0.0021419420298024053,
       0.00011773397197756574, 0.99999769910887937 ]
T_from_gemini_to_stereo: !!opencv-matrix
   rows: 3
   cols: 1
   dt: d
   data: [ 6.0208343072985375, 37.226371181753564, -3.2414800737849454 ]
