cam0:
  cam_overlaps: [1]
  camera_model: pinhole
  distortion_coeffs: [-0.0555628919270083, -0.007279835734278835, 0.0006570875489732519,
    -0.00010497329271479592]
  distortion_model: radtan
  intrinsics: [429.44822093863786, 428.8132888309825, 634.6595379594497, 377.8026854400733]
  resolution: [1280, 720]
  rostopic: /sensor/camera/stereo_left/image/raw
cam1:
  T_cn_cnm1:
  - [ 1.04983499,  0.00390659,  0.01819989, -0.11533426]
  - [-0.00227813,  0.94265843, -0.33375125,  0.09482634]
  - [-0.01758106,  0.33373829,  0.94250182,  0.01308300]
  - [ 0.00000000,  0.00000000,  0.00000000,  1.00000000]
  cam_overlaps: [0]
  camera_model: pinhole
  distortion_coeffs: [-0.02231949406435465, 0.014173260786628786, -0.000195811490510454,
    0.0005762127995111324]
  distortion_model: radtan
  intrinsics: [306.1383414186663, 306.12883494735826, 315.7718272397711, 199.08304660671317]
  resolution: [640, 400]
  rostopic: /sensor/camera/head_front_rgbd/color/raw
