cam0:
  cam_overlaps: [1]
  camera_model: pinhole
  distortion_coeffs: [-0.06776871365396357, 0.0010672083898155774, 0.00018180207191920638, -0.00040300534949927436]
  distortion_model: radtan
  intrinsics: [429.188732142288, 429.08350673692513, 648.8012236013465, 378.1937746263104]
  resolution: [1280, 720]
  rostopic: /sensor/camera/stereo_left/image/raw
cam1:
  T_cn_cnm1:
  - [0.9999888393766314, -0.002376326252972215, 0.004083404916109206, -0.1583290566717646]
  - [0.0023780219100100726, 0.9999970882668009, -0.00041045061497288005, -0.0007190070829770445]
  - [-0.004082417661751655, 0.0004201564604461072, 0.9999915786318281, 0.0004886145226952967]
  - [0.0, 0.0, 0.0, 1.0]
  cam_overlaps: [0]
  camera_model: pinhole
  distortion_coeffs: [-0.06726558994014516, 0.0010345918595090502, 9.306624942276558e-05, -0.0001817577534035642]
  distortion_model: radtan
  intrinsics: [429.4900654699473, 429.48700440386995, 608.1554973934208, 369.6259812883649]
  resolution: [1280, 720]
  rostopic: /sensor/camera/stereo_right/image/raw
